0 1 0 0 7.5540 0.5000
1 1 0 0 8.0480 0.5000
193 1 0 0 7.9050 0.5000
244 1 0 0 7.7170 0.5000
285 1 0 0 8.4390 0.5000
0 1 0 0 7.5910 0.5000
0 1 0 0 7.5120 0.5000
0 1 0 0 7.5330 0.5000
0 1 0 0 7.5090 0.5000
0 1 0 0 7.5330 0.5000
0 1 0 0 7.5210 0.5000
0 1 0 0 7.5170 0.5000
0 1 0 0 7.5420 0.5000
0 1 0 0 7.5160 0.5000
0 1 0 0 7.5170 0.5000
6 1 0 0 7.7370 0.5000
6 1 0 0 7.7300 0.5000
6 1 0 0 7.6740 0.5000
6 1 0 0 7.7270 0.5000
6 1 0 0 7.7680 0.5000
6 1 0 0 7.7530 0.5000
6 1 0 0 7.7610 0.5000
6 1 0 0 7.6410 0.5000
6 1 0 0 7.7340 0.5000
6 1 0 0 7.7220 0.5000
12 1 0 0 7.5040 0.5000
12 1 0 0 7.4870 0.5000
12 1 0 0 7.4900 0.5000
12 1 0 0 7.6030 0.5000
12 1 0 0 7.5120 0.5000
12 1 0 0 7.4900 0.5000
12 1 0 0 7.4850 0.5000
12 1 0 0 7.4880 0.5000
12 1 0 0 7.4920 0.5000
12 1 0 0 7.4990 0.5000
18 1 0 0 7.0510 0.5000
18 1 0 0 7.0290 0.5000
18 1 0 0 7.0200 0.5000
18 1 0 0 7.0330 0.5000
18 1 0 0 7.0410 0.5000
18 1 0 0 7.0390 0.5000
18 1 0 0 7.0420 0.5000
18 1 0 0 7.0520 0.5000
18 1 0 0 7.0420 0.5000
18 1 0 0 7.0490 0.5000
24 1 0 0 8.1880 0.5000
24 1 0 0 8.1830 0.5000
24 1 0 0 8.1860 0.5000
24 1 0 0 8.1930 0.5000
24 1 0 0 8.1830 0.5000
24 1 0 0 8.1860 0.5000
24 1 0 0 8.1820 0.5000
24 1 0 0 8.0930 0.5000
24 1 0 0 8.2010 0.5000
24 1 0 0 8.1850 0.5000
30 1 0 0 8.8220 0.5000
30 1 0 0 8.8110 0.5000
30 1 0 0 8.7920 0.5000
30 1 0 0 8.8370 0.5000
30 1 0 0 8.7020 0.5000
30 1 0 0 8.8280 0.5000
30 1 0 0 8.8050 0.5000
30 1 0 0 8.8270 0.5000
30 1 0 0 8.8250 0.5000
